QGC WPL 110
0	0	0	16	0.000000	0.000000	0.000000	0.000000	-35.363258	149.165237	584.349976	1
1	0	10	22	0.000000	0.000000	0.000000	0.000000	-35.363258	149.165237	30.000000	1
2	0	10	16	0.000000	0.000000	0.000000	0.000000	-35.360222	149.164871	40.000000	1
3	0	0	178	0.000000	30.000000	0.000000	0.000000	0.000000	0.000000	0.000000	1
4	0	10	16	0.000000	0.000000	0.000000	0.000000	-35.337399	149.153885	120.000000	1
5	0	10	16	0.000000	0.000000	0.000000	0.000000	-35.328560	149.131805	120.000000	1
6	0	10	16	0.000000	0.000000	0.000000	0.000000	-35.338955	149.119308	120.000000	1
7	0	10	16	0.000000	0.000000	0.000000	0.000000	-35.365612	149.120132	120.000000	1
8	0	10	16	0.000000	0.000000	0.000000	0.000000	-35.364761	149.141693	120.000000	1
9	0	10	16	0.000000	0.000000	0.000000	0.000000	-35.383564	149.140717	120.000000	1
10	0	10	16	0.000000	0.000000	0.000000	0.000000	-35.372997	149.176224	120.000000	1
11	0	10	16	0.000000	0.000000	0.000000	0.000000	-35.346344	149.182373	115.000000	1
12	0	0	177	4.000000	-1.000000	0.000000	0.000000	0.000000	0.000000	0.000000	1
13	0	3	189	0.000000	0.000000	0.000000	0.000000	-35.346748	149.187057	0.100000	1
